1
88888888888888888888888888888888888888888888888888888888888888888888888888888888
88888888888888888888888888888888888888888888888888888888888888888888888888888888
88888888888888888888888888887777888888888877778888888888888888888888888888888888
88888888888888888888888888878888788888888788887888888888888888888888888888888888
88888888888888888888888888788888878888887888888788888888888888888888888888888888
88888888888888888888888887888888887888878888888878888888888888888888888888888888
88888888888888888888888878888888888788788888888887888888888888888888888888888888
88888888888888888888888788888888888877888888888888788888888888888888888888888888
88888888888888888888888888888888888888888888888888888888888888888888888888888888
88888888888888888888888888888888888888888888888888888888888888888888888888888888
88888888888888888888888888888888888888888888888888888888888888888888888888888888
88888888888888888888888888888888888888888888888888888888888888888888888888888888
88888888888888888888888888888888888888888888888888888888888888888888888888888888
88888888888888888888888888888888888888888888888888888888888888888888888888888888
88888888888888888888888888888888888888888888888888888888888888888888888888888888
88888888888888888888888888888888888888888888888888888888888888888888888888888888
88888888888888888888888888888888888888888888888888888888888888888888888888888888
88888888888888888888888888888888888888888888888888888888888888888888888888888888
88888888888888888888888888888888888888888888888888888888888888888888888888888888
88888888888888888888888888888888888888888888888888888888888888888888888888888888
88888888888888888888888888888888888888888888888888888888888888888888888888888888
88888888888888888888888888888888888888888888888888888888888888888888888888888888
88888888888888888888888888888888888888888888888888888888888888888888888888888888
2
88888888888888888888888888888888888888888888888888888888888888888888888888888888
88888888888888888888888888888888888888888888888888888888888888888888888888888888
88888888888888888888888888887777888888888877778888888888888888888888888888888888
88888888888888888888888888878888788888888788887888888888888888888888888888888888
88888888888888888888888888788888878888887888888788888888888888888888888888888888
88888888888888888888888887888888887888878888888878888888888888888888888888888888
88888888888888888888888878888888888788788888888887888888888888888888888888888888
88888888888888888888888788888888888877888888888888788888888888888888888888888888
88888888888888888888888888888888888888888888888888888888888888888888888888888888
88888888888888888878888888888888888888888888888888888878888888888888888888888888
88888888888888888887888888888888888888888888888888888788888888888888888888888888
88888888888888888888788888888888888888888888888888887888888888888888888888888888
88888888888888888888887777777777777777777777777777778888888888888888888888888888
88888888888888888888888888888888888888888888888888888888888888888888888888888888
88888888888888888888888888888888888888888888888888888888888888888888888888888888
88888888888888888888888888888888888888888888888888888888888888888888888888888888
88888888888888888888888888888888888888888888888888888888888888888888888888888888
88888888888888888888888888888888888888888888888888888888888888888888888888888888
88888888888888888888888888888888888888888888888888888888888888888888888888888888
88888888888888888888888888888888888888888888888888888888888888888888888888888888
88888888888888888888888888888888888888888888888888888888888888888888888888888888
88888888888888888888888888888888888888888888888888888888888888888888888888888888
88888888888888888888888888888888888888888888888888888888888888888888888888888888
3
88888888888888888888888888888888888888888888888888888888888888888888888888888888
88888888888888888888888888888888888888888888888888888888888888888888888888888888
88888888888888888888888888887777888888888877778888888888888888888888888888888888
88888888888888888888888888878888788888888788887888888888888888888888888888888888
88888888888888888888888888788888878888887888888788888888888888888888888888888888
88888888888888888888888887888888887888878888888878888888888888888888888888888888
88888888888888888888888878888888888788788888888887888888888888888888888888888888
88888888888888888887777788888888888877888888888888777778888888888888888888888888
88888888888888888888888888888888888888888888888888888888888888888888888888888888
88888888888888888878888888888888888888888888888888888878888888888888888888888888
88888888888888888887888888888888888888888888888888888788888888888888888888888888
88888888888888888888788888888888888888888888888888887888888888888888888888888888
88888888888888888888887777777777777777777777777777778888888888888888888888888888
88888888888888888888888888888888888888888888888888888888888888888888888888888888
88888888888888888888888888888888888888888888888888888888888888888888888888888888
88888888888888888888888888888888888888888888888888888888888888888888888888888888
88888888888888888888888888888888888888888888888888888888888888888888888888888888
88888888888888888888888888888888888888888888888888888888888888888888888888888888
88888888888888888888888888888888888888888888888888888888888888888888888888888888
88888888888888888888888888888888888888888888888888888888888888888888888888888888
88888888888888888888888888888888888888888888888888888888888888888888888888888888
88888888888888888888888888888888888888888888888888888888888888888888888888888888
88888888888888888888888888888888888888888888888888888888888888888888888888888888